503.304
503.287
508.559
508.641
513.68
518.834
519.082
524.21
524.5
534.83
550.399
560.729
565.978
571.556
592.246
602.877
613.434
639.383
650.064
676.177
691.876
712.867
733.612
744.416
765.144
775.514
775.888
780.986
780.926
780.841
775.942
775.857
770.647
765.143
749.553
733.991
728.657
723.133
697.292
691.905
681.379
670.891
655.215
649.763
639.529
634.211
623.79
613.373
608.372
608.217
608.033
603.049
607.943
607.936
607.942
608.236
613.305
618.525
623.894
634.361
644.695
649.988
655.25
665.701
676.198
681.386
686.404
686.442
686.568
681.468
676.211
665.737
655.44
650.175
644.655
634.243
613.378
602.916
581.967
566.119
550.524
529.457
518.762
492.82
477.209
466.539
440.687
435.192
424.812
409.016
398.633
393.499
393.241
388.209
387.919
387.985
387.919
393.029
393.226
393.506
398.771
414.389
435.039
440.781
466.711
482.622
508.43
524.15
545.172
561.017
571.587
587.219
602.766
607.927
608.319
613.37
618.684
618.672
618.582
613.355
613.27
608.047
607.844
602.603
597.397
587.05
576.623
566.463
566.01
560.807
555.75
550.432
540.02
534.839
529.657
529.493
529.437
524.543
524.581
524.523
524.523
524.552
529.43
524.551
534.694
534.864
545.263
555.634
561.048
566.252
576.606
587.082
597.655
603.073
608.225
613.344
613.443
613.49
613.529
613.363
613.288
608.206
607.946
602.841
592.363
576.805
566.392
555.815
534.846
524.143
513.788
487.829
477.348
466.675
445.864
435.478
429.94
414.388
403.958
398.801
398.449
393.553
393.438
393.374
393.346
393.396
393.562
398.448
398.713
403.888
419.524
429.964
435.325
445.659
461.439
477.19
487.668
508.589
524.052
534.674
550.336
560.752
566.016
566.323
571.334
571.627
581.85
581.882
581.874
576.786
576.706
576.784
576.624
571.594
566.483
566.473
566.319
566.112
566.037
561.086
560.968
560.813
560.879
560.896
561.036
561.167
565.949
566.044
566.159
566.385
571.362
571.545
576.722
592.324
602.579
603.033
613.289
623.887
634.328
644.527
649.859
650.065
650.197
650.307
655.401
655.363
655.141
650.16
649.787
644.52
634.21
613.373
602.982
587.123
566.206
550.506
524.261
508.627
482.541
471.886
451.006
440.314
424.742
409.062
398.642
393.316
387.932
372.43
367.188
362.04
361.879
361.854
361.873
361.859
361.845
362.005
367.191
377.601
377.693
393.027
398.349
403.817
424.769
440.285
451.076
476.999
487.824
518.837
529.642
560.867
571.593
597.477
607.995
618.515
634.146
639.519
644.699
649.817
649.79
649.754
644.645
639.608
634.259
628.992
618.601
608.333
607.883
602.671
597.43
587.182
576.788
571.531
566.412
566.25
566.209
566.113
561.168
561.098
561.002
560.806
560.672
560.639
560.672
560.718
560.69
560.697
560.662
560.652
555.813
555.735
560.882
561.186
566.205
571.411
576.633
587.228
597.668
602.882
608.012
608.373
613.275
618.565
623.788
623.743
623.889
623.876
618.698
613.449
608.322
607.913
597.479
576.804
566.067
550.489
524.499
513.663
487.594
476.919
456.108
440.353
429.82
409.052
398.387
393.087
377.699
367.194
356.899
356.488
351.561
351.555
351.594
356.551
361.83
367.175
382.77
393.294
398.599
414.291
435.128
445.725
466.595
482.299
498.13
519.159
529.576
550.565
561.192
571.453
587.046
597.4
602.6
607.841
602.975
603.029
603.021
602.786
602.556
597.509
597.455
587.207
587.162
587.105
581.887
576.622
571.586
571.413
571.402
566.485
571.342
571.359
571.392
571.394
571.335
566.457
566.487
571.367
571.39
571.397
571.552
576.663
581.92
592.372
597.672
602.95
608.286
618.522
634.208
639.567
644.835
649.969
650.217
650.283
655.314
655.33
655.161
650.3
650.085
649.887
644.516
629.115
613.371
602.918
587.044
566.228
555.55
529.429
513.833
487.74
477.059
456.117
440.438
424.668
403.872
393.559
382.873
367.102
356.638
351.51
345.995
330.584
325.243
319.929
314.603
309.67
309.463
309.307
304.408
304.37
304.167
304.171
304.108
304.084
299.124
304.084
304.232
304.315
304.358
309.236
309.281
309.392
309.459
309.537
309.614
309.752
309.723
309.746
314.604
314.711
314.83
314.879
314.99
315.027
319.914
320.015
320.011
320.058
320.032
320.11
320.221