# x, y
551.000000 0.335617
552.000000 0.331914
553.000000 0.331161
554.000000 0.334881
555.000000 0.340343
556.000000 0.320031
557.000000 0.201219
558.000000 -0.013644
559.000000 -0.115893
560.000000 0.073290
561.000000 0.390629
562.000000 0.532120
563.000000 0.451299
564.000000 0.341478
565.000000 0.340206
566.000000 0.408663
567.000000 0.452050
568.000000 0.446216
569.000000 0.431745
570.000000 0.442424
571.000000 0.472693
572.000000 0.499768
573.000000 0.513357
574.000000 0.518848
575.000000 0.522966
576.000000 0.525839
577.000000 0.524972
578.000000 0.520692
579.000000 0.515684
580.000000 0.511711
581.000000 0.509184
582.000000 0.508744
583.000000 0.510937
584.000000 0.514056
585.000000 0.514322
586.000000 0.510383
587.000000 0.505733
588.000000 0.504270
589.000000 0.506152
590.000000 0.509445
591.000000 0.512542
592.000000 0.514017
593.000000 0.512921
594.000000 0.510454
595.000000 0.509456
596.000000 0.511066
597.000000 0.513553
598.000000 0.514808
599.000000 0.514251
600.000000 0.512358
601.000000 0.509728
602.000000 0.502889
