# x, y
0.000000 0.374278
1.000000 0.336534
2.000000 0.274671
3.000000 0.226363
4.000000 0.242267
5.000000 0.302185
6.000000 0.318680
7.000000 0.272529
8.000000 0.252676
9.000000 0.310286
10.000000 0.371070
11.000000 0.356371
12.000000 0.307986
13.000000 0.313693
14.000000 0.372152
15.000000 0.412774
16.000000 0.404539
17.000000 0.379494
18.000000 0.372699
19.000000 0.383375
20.000000 0.391616
21.000000 0.388157
22.000000 0.380039
23.000000 0.376667
24.000000 0.378976
25.000000 0.381750
181.000000 0.446421
182.000000 0.391844
183.000000 0.357076
184.000000 0.380054
185.000000 0.428763
186.000000 0.441613
187.000000 0.410781
188.000000 0.379285
189.000000 0.376156
190.000000 0.389321
191.000000 0.394855
192.000000 0.388042
193.000000 0.380782
