# x, y
271.000000 0.514796
272.000000 0.505746
273.000000 0.487982
274.000000 0.478591
147.000000 0.516580
148.000000 0.510699
149.000000 0.496446
150.000000 0.488581
151.000000 0.499368
152.000000 0.517818
153.000000 0.524383
275.000000 0.493336
276.000000 0.519907
277.000000 0.532885
278.000000 0.526913
55.000000 0.498124
56.000000 0.477782
57.000000 0.467167
58.000000 0.485499
59.000000 0.517828
60.000000 0.533326
61.000000 0.525603
62.000000 0.512896
354.000000 0.515483
355.000000 0.502581
356.000000 0.478706
357.000000 0.465074
358.000000 0.470293
359.000000 0.467192
360.000000 0.441523
361.000000 0.423591
362.000000 0.436772
363.000000 0.458920
364.000000 0.457944
365.000000 0.441184
366.000000 0.447390
367.000000 0.488339
368.000000 0.528347
369.000000 0.534434
370.000000 0.515809
371.000000 0.501847
372.000000 0.504346
373.000000 0.513652
452.000000 0.508722
453.000000 0.507283
454.000000 0.491087
455.000000 0.459464
456.000000 0.434332
457.000000 0.445467
458.000000 0.487628
459.000000 0.519994
460.000000 0.518649
461.000000 0.501378
462.000000 0.495239
463.000000 0.503528
464.000000 0.511591
465.000000 0.508487
466.000000 0.491384
467.000000 0.460718
468.000000 0.426135
469.000000 0.408358
470.000000 0.423036
471.000000 0.464861
472.000000 0.508631
473.000000 0.528845
474.000000 0.522685
475.000000 0.509186
476.000000 0.505578
477.000000 0.511293
