# x, y
141.000000 0.365615
142.000000 0.233912
143.000000 -0.001485
144.000000 -0.115897
145.000000 0.081449
146.000000 0.412592
147.000000 0.551408
148.000000 0.451377
149.000000 0.322573
150.000000 0.313866
151.000000 0.383998
152.000000 0.429170
153.000000 0.420761
190.000000 0.360904
191.000000 0.325230
192.000000 0.189002
193.000000 -0.072424
194.000000 -0.315045
195.000000 -0.374400
196.000000 -0.309218
197.000000 -0.331892
198.000000 -0.442368
199.000000 -0.369435
200.000000 -0.103125
201.000000 -0.056503
202.000000 -0.333814
203.000000 -0.427663
204.000000 -0.026308
205.000000 0.454241
206.000000 0.426438
207.000000 -0.167685
208.000000 -0.846215
209.000000 -1.125385
210.000000 -0.986437
211.000000 -0.773991
212.000000 -0.738588
213.000000 -0.832650
214.000000 -0.895455
215.000000 -0.873074
216.000000 -0.799551
217.000000 -0.627524
218.000000 -0.247663
219.000000 0.252801
220.000000 0.573953
221.000000 0.568229
222.000000 0.413413
223.000000 0.347694
224.000000 0.407891
225.000000 0.479857
226.000000 0.484833
227.000000 0.445941
228.000000 0.418924
229.000000 0.421083
230.000000 0.431802
