# x, y
384.000000 0.468552
385.000000 0.467470
386.000000 0.457774
387.000000 0.408475
388.000000 0.317545
389.000000 0.271550
390.000000 0.345799
391.000000 0.471740
392.000000 0.522970
393.000000 0.481567
394.000000 0.427547
395.000000 0.416768
396.000000 0.434404
397.000000 0.442859
398.000000 0.430291
399.000000 0.410541
441.000000 0.330437
442.000000 0.330371
443.000000 0.322104
444.000000 0.288110
445.000000 0.141852
446.000000 -0.209598
447.000000 -0.636930
448.000000 -0.761628
449.000000 -0.364557
450.000000 0.268298
451.000000 0.630756
452.000000 0.571955
453.000000 0.374756
454.000000 0.323289
455.000000 0.415799
456.000000 0.495896
457.000000 0.489311
458.000000 0.446828
459.000000 0.434379
460.000000 0.456081
461.000000 0.476969
462.000000 0.477063
463.000000 0.465977
