# x, y
0.000000 0.415990
1.000000 0.399715
2.000000 0.378304
3.000000 0.360235
4.000000 0.350205
5.000000 0.348868
6.000000 0.353898
7.000000 0.361660
8.000000 0.368778
9.000000 0.373138
10.000000 0.374178
11.000000 0.372588
12.000000 0.369693
13.000000 0.366834
14.000000 0.364920
15.000000 0.364248
16.000000 0.364568
17.000000 0.365342
18.000000 0.366065
19.000000 0.366477
20.000000 0.366577
21.000000 0.366509
22.000000 0.366434
23.000000 0.366453
24.000000 0.366585
25.000000 0.366788
26.000000 0.366995
27.000000 0.367145
28.000000 0.367209
29.000000 0.367189
30.000000 0.367114
31.000000 0.367026
32.000000 0.366958
33.000000 0.366930
34.000000 0.366940
35.000000 0.366978
36.000000 0.367022
37.000000 0.367057
38.000000 0.367070
39.000000 0.367064
40.000000 0.367044
41.000000 0.367017
42.000000 0.366969
43.000000 0.366867
44.000000 0.366689
45.000000 0.366446
46.000000 0.366163
47.000000 0.365854
48.000000 0.365563
49.000000 0.365380
50.000000 0.365400
51.000000 0.365654
52.000000 0.366086
53.000000 0.366578
54.000000 0.367005
55.000000 0.367283
56.000000 0.367383
57.000000 0.367310
58.000000 0.367061
59.000000 0.366624
60.000000 0.366029
61.000000 0.365408
62.000000 0.364963
63.000000 0.364865
64.000000 0.365160
65.000000 0.365752
66.000000 0.366455
67.000000 0.367076
68.000000 0.367483
69.000000 0.367634
70.000000 0.367575
71.000000 0.367395
72.000000 0.367191
73.000000 0.367036
74.000000 0.366962
75.000000 0.366966
76.000000 0.367021
77.000000 0.367095
78.000000 0.367163
79.000000 0.367204
80.000000 0.367192
81.000000 0.367090
82.000000 0.366885
83.000000 0.366637
84.000000 0.366469
85.000000 0.366507
86.000000 0.366798
87.000000 0.367260
88.000000 0.367726
89.000000 0.368036
90.000000 0.368110
91.000000 0.367967
92.000000 0.367693
93.000000 0.367389
94.000000 0.367126
95.000000 0.366933
96.000000 0.366856
97.000000 0.366964
