# x, y
0.000000 0.609848
1.000000 0.595358
2.000000 0.586913
3.000000 0.589326
4.000000 0.593344
5.000000 0.593792
6.000000 0.593722
7.000000 0.596185
8.000000 0.599508
9.000000 0.601342
10.000000 0.602311
11.000000 0.603732
12.000000 0.604994
13.000000 0.604717
14.000000 0.602806
15.000000 0.600567
16.000000 0.599102
17.000000 0.598341
18.000000 0.598266
19.000000 0.599476
20.000000 0.601377
21.000000 0.602187
22.000000 0.601674
23.000000 0.601230
24.000000 0.600956
25.000000 0.599252
26.000000 0.595059
27.000000 0.588764
28.000000 0.569199
29.000000 0.500698
30.000000 0.384823
31.000000 0.328455
32.000000 0.422219
33.000000 0.580964
34.000000 0.649675
35.000000 0.606872
36.000000 0.551088
37.000000 0.548951
38.000000 0.578305
39.000000 0.592378
40.000000 0.581320
41.000000 0.566265
42.000000 0.564086
43.000000 0.572338
44.000000 0.579931
45.000000 0.581938
46.000000 0.581540
47.000000 0.581967
48.000000 0.581994
49.000000 0.579733
50.000000 0.576849
51.000000 0.576637
52.000000 0.579630
53.000000 0.583368
54.000000 0.585874
55.000000 0.587725
56.000000 0.590429
57.000000 0.593545
58.000000 0.594625
59.000000 0.592629
60.000000 0.589733
61.000000 0.588382
62.000000 0.588458
63.000000 0.588589
64.000000 0.588416
65.000000 0.588714
66.000000 0.590088
67.000000 0.591859
68.000000 0.592313
69.000000 0.590302
70.000000 0.586659
71.000000 0.583616
72.000000 0.582384
73.000000 0.582137
74.000000 0.582177
75.000000 0.583208
76.000000 0.585308
77.000000 0.586835
78.000000 0.586429
79.000000 0.584727
80.000000 0.583478
81.000000 0.583530
82.000000 0.584216
83.000000 0.584559
84.000000 0.584384
85.000000 0.584138
86.000000 0.584139
87.000000 0.584292
88.000000 0.584375
89.000000 0.584331
90.000000 0.584330
91.000000 0.584692
92.000000 0.585328
93.000000 0.585132
94.000000 0.583050
95.000000 0.579739
96.000000 0.577154
97.000000 0.576811
98.000000 0.578393
99.000000 0.579259
100.000000 0.576439
101.000000 0.570223
102.000000 0.565041
103.000000 0.564987
104.000000 0.568137
105.000000 0.568498
106.000000 0.564297
107.000000 0.560071
108.000000 0.559972
109.000000 0.563008
110.000000 0.565655
111.000000 0.566121
112.000000 0.564679
113.000000 0.562150
114.000000 0.559638
115.000000 0.558048
116.000000 0.557033
117.000000 0.555361
118.000000 0.552210
119.000000 0.548286
120.000000 0.546074
121.000000 0.547212
122.000000 0.549006
123.000000 0.546956
124.000000 0.542039
125.000000 0.540627
126.000000 0.545099
127.000000 0.550477
128.000000 0.552106
129.000000 0.550483
130.000000 0.547799
131.000000 0.545572
132.000000 0.545505
133.000000 0.547639
134.000000 0.549027
135.000000 0.547972
136.000000 0.546844
137.000000 0.548027
138.000000 0.549623
139.000000 0.547399
140.000000 0.540322
141.000000 0.532363
142.000000 0.527997
143.000000 0.527181
144.000000 0.525701
145.000000 0.520026
146.000000 0.512385
147.000000 0.509775
148.000000 0.515023
149.000000 0.521643
150.000000 0.521573
151.000000 0.515047
152.000000 0.509011
153.000000 0.507370
154.000000 0.507413
155.000000 0.506836
156.000000 0.508155
157.000000 0.512708
158.000000 0.516530
159.000000 0.516074
160.000000 0.512620
161.000000 0.508860
162.000000 0.506373
163.000000 0.506897
164.000000 0.511356
165.000000 0.517508
166.000000 0.521179
167.000000 0.520093
168.000000 0.516102
169.000000 0.513042
170.000000 0.512090
171.000000 0.511055
172.000000 0.508967
173.000000 0.508396
174.000000 0.511573
175.000000 0.516638
176.000000 0.519365
177.000000 0.517494
178.000000 0.512406
179.000000 0.507108
180.000000 0.503485
181.000000 0.501580
182.000000 0.500757
183.000000 0.501097
184.000000 0.503577
185.000000 0.508530
186.000000 0.513948
187.000000 0.516637
188.000000 0.515503
