# x, y
0.000000 0.308493
1.000000 0.299996
2.000000 0.295868
3.000000 0.297982
4.000000 0.301453
5.000000 0.302929
6.000000 0.302606
7.000000 0.301898
8.000000 0.301269
9.000000 0.300199
10.000000 0.298664
11.000000 0.297612
12.000000 0.297741
13.000000 0.298774
14.000000 0.299864
15.000000 0.300091
16.000000 0.299288
17.000000 0.298601
18.000000 0.299027
19.000000 0.299642
20.000000 0.298596
21.000000 0.295614
22.000000 0.292985
23.000000 0.293819
24.000000 0.298536
25.000000 0.303704
26.000000 0.305472
27.000000 0.303562
28.000000 0.301431
29.000000 0.302352
30.000000 0.305530
31.000000 0.307250
32.000000 0.305723
33.000000 0.303239
34.000000 0.302974
35.000000 0.304727
36.000000 0.305478
37.000000 0.303870
38.000000 0.301796
39.000000 0.301308
40.000000 0.302037
41.000000 0.302134
42.000000 0.300718
43.000000 0.298996
44.000000 0.298528
45.000000 0.298620
46.000000 0.297077
47.000000 0.293527
48.000000 0.290613
49.000000 0.291366
50.000000 0.295241
51.000000 0.298019
52.000000 0.296508
53.000000 0.291825
54.000000 0.287955
55.000000 0.287878
56.000000 0.290511
57.000000 0.291880
58.000000 0.290070
59.000000 0.287678
60.000000 0.288197
61.000000 0.291650
62.000000 0.295341
63.000000 0.297443
64.000000 0.298083
65.000000 0.297800
66.000000 0.296860
67.000000 0.295759
68.000000 0.294919
69.000000 0.294457
70.000000 0.295192
71.000000 0.298434
72.000000 0.303501
73.000000 0.306732
74.000000 0.304435
105.000000 0.400993
106.000000 0.407167
107.000000 0.367636
108.000000 0.167389
109.000000 -0.263559
110.000000 -0.726371
111.000000 -0.802488
112.000000 -0.303738
113.000000 0.412862
114.000000 0.791370
115.000000 0.692826
116.000000 0.451141
117.000000 0.382833
118.000000 0.477899
119.000000 0.557718
120.000000 0.541457
121.000000 0.488876
122.000000 0.472609
123.000000 0.493986
124.000000 0.513646
125.000000 0.511822
411.000000 0.390374
412.000000 0.379661
413.000000 0.258611
414.000000 0.029453
415.000000 -0.068769
416.000000 0.162554
417.000000 0.527311
418.000000 0.679050
419.000000 0.575694
420.000000 0.444005
421.000000 0.437446
422.000000 0.506795
423.000000 0.542617
424.000000 0.518400
425.000000 0.481505
426.000000 0.471145
427.000000 0.482688
214.000000 0.403128
215.000000 0.379866
216.000000 0.388493
217.000000 0.408096
218.000000 0.403901
219.000000 0.373685
220.000000 0.342575
362.000000 0.444283
363.000000 0.386323
364.000000 0.347006
365.000000 0.368161
366.000000 0.418498
367.000000 0.435006
368.000000 0.406461
369.000000 0.369651
