# x, y
0.000000 0.347122
1.000000 0.335661
2.000000 0.329809
3.000000 0.332863
4.000000 0.336865
5.000000 0.335931
6.000000 0.332339
7.000000 0.331362
8.000000 0.333994
9.000000 0.336647
10.000000 0.336297
11.000000 0.333608
12.000000 0.331579
13.000000 0.332201
14.000000 0.334185
15.000000 0.334532
16.000000 0.332495
17.000000 0.330343
18.000000 0.330034
19.000000 0.331027
20.000000 0.331812
21.000000 0.332203
22.000000 0.333184
23.000000 0.334826
24.000000 0.335662
25.000000 0.334756
26.000000 0.333212
27.000000 0.332752
28.000000 0.333781
29.000000 0.335344
30.000000 0.336242
31.000000 0.336026
32.000000 0.335025
33.000000 0.333952
34.000000 0.333706
35.000000 0.334635
36.000000 0.335862
37.000000 0.336285
38.000000 0.335916
39.000000 0.335548
40.000000 0.335711
41.000000 0.336462
42.000000 0.337552
43.000000 0.338498
44.000000 0.339130
45.000000 0.339840
46.000000 0.340939
47.000000 0.342053
48.000000 0.342287
49.000000 0.341304
50.000000 0.339956
51.000000 0.339185
52.000000 0.339349
53.000000 0.340726
54.000000 0.342704
55.000000 0.343301
56.000000 0.341583
57.000000 0.339073
91.000000 0.256351
92.000000 0.204525
93.000000 0.258709
94.000000 0.361198
95.000000 0.405295
96.000000 0.374482
97.000000 0.335930
98.000000 0.338274
