# x, y
315.000000 0.313948
316.000000 0.290200
317.000000 0.171761
318.000000 -0.040601
319.000000 -0.143683
320.000000 0.037216
321.000000 0.341718
322.000000 0.471781
323.000000 0.382355
324.000000 0.263962
325.000000 0.252841
326.000000 0.311676
327.000000 0.346490
328.000000 0.332043
329.000000 0.307228
330.000000 0.303918
331.000000 0.315858
332.000000 0.322895
333.000000 0.319219
334.000000 0.313334
500.000000 0.447172
501.000000 0.437601
502.000000 0.431245
503.000000 0.429560
504.000000 0.429109
505.000000 0.428103
506.000000 0.404166
507.000000 0.262656
508.000000 -0.092380
509.000000 -0.528557
510.000000 -0.666186
511.000000 -0.287443
512.000000 0.324094
513.000000 0.666553
514.000000 0.588774
515.000000 0.371876
516.000000 0.303609
517.000000 0.387243
518.000000 0.464695
519.000000 0.454718
520.000000 0.404057
521.000000 0.381202
522.000000 0.395062
523.000000 0.411754
524.000000 0.408566
525.000000 0.393669
526.000000 0.385258
527.000000 0.387893
528.000000 0.392730
529.000000 0.392566
530.000000 0.388755
531.000000 0.384789
723.000000 0.453801
724.000000 0.462085
725.000000 0.470515
726.000000 0.451025
727.000000 0.310014
728.000000 -0.040831
729.000000 -0.490841
730.000000 -0.737749
731.000000 -0.567793
732.000000 -0.059483
733.000000 0.463461
734.000000 0.690603
735.000000 0.604609
736.000000 0.447570
737.000000 0.413109
738.000000 0.480242
739.000000 0.531893
740.000000 0.520852
741.000000 0.487736
742.000000 0.477970
804.000000 0.482754
805.000000 0.477061
806.000000 0.451037
807.000000 0.310604
808.000000 -0.041183
809.000000 -0.498038
810.000000 -0.752420
811.000000 -0.585100
812.000000 -0.076805
813.000000 0.444310
814.000000 0.667735
815.000000 0.576467
816.000000 0.409943
817.000000 0.362572
818.000000 0.420616
819.000000 0.472044
820.000000 0.466018
821.000000 0.436181
822.000000 0.425464
823.000000 0.435930
824.000000 0.445336
1096.000000 0.466207
1097.000000 0.465728
1098.000000 0.439662
1099.000000 0.319507
1100.000000 0.106804
1101.000000 0.002055
1102.000000 0.154460
1103.000000 0.311972
1104.000000 0.086690
1105.000000 -0.434018
1106.000000 -0.686266
1107.000000 -0.321126
1108.000000 0.341570
1109.000000 0.711335
1110.000000 0.616176
1111.000000 0.376484
1112.000000 0.309402
1113.000000 0.409084
1114.000000 0.495190
1115.000000 0.480054
1116.000000 0.420289
1117.000000 0.394010
1118.000000 0.410306
1119.000000 0.430498
1120.000000 0.429386
1121.000000 0.415718
1122.000000 0.407946
1123.000000 0.409172
1305.000000 0.462924
1306.000000 0.440700
1307.000000 0.303274
1308.000000 -0.044116
1309.000000 -0.495166
1310.000000 -0.769124
1311.000000 -0.741676
1312.000000 -0.559776
1313.000000 -0.371373
1314.000000 -0.185433
1315.000000 -0.003624
1316.000000 0.166465
1317.000000 0.353337
1318.000000 0.519459
1319.000000 0.573578
1320.000000 0.521542
1321.000000 0.463620
1322.000000 0.461996
1323.000000 0.492926
1324.000000 0.510159
1325.000000 0.503610
1326.000000 0.492569
1327.000000 0.491427
1397.000000 0.484043
1398.000000 0.460077
1399.000000 0.319229
1400.000000 -0.011933
1401.000000 -0.331780
1402.000000 -0.261587
1403.000000 0.215577
1404.000000 0.643861
1405.000000 0.681700
1406.000000 0.473909
1407.000000 0.344261
1408.000000 0.389202
1409.000000 0.478371
1410.000000 0.495039
1411.000000 0.452462
1412.000000 0.418593
1413.000000 0.419339
1414.000000 0.432692
