# x, y
0.000000 0.200772
1.000000 0.240052
2.000000 0.334657
3.000000 0.427120
4.000000 0.411456
5.000000 0.309452
6.000000 0.276515
7.000000 0.354811
8.000000 0.391583
9.000000 0.293444
10.000000 0.186302
11.000000 0.208785
12.000000 0.292134
13.000000 0.284430
14.000000 0.185228
15.000000 0.115396
16.000000 0.129921
17.000000 0.174435
18.000000 0.187451
19.000000 0.169008
20.000000 0.152908
21.000000 0.155223
22.000000 0.165101
23.000000 0.168540
24.000000 0.164770
178.000000 0.113361
179.000000 0.114070
180.000000 0.121790
181.000000 0.157946
182.000000 0.222674
183.000000 0.254099
184.000000 0.198728
185.000000 0.105519
186.000000 0.065680
187.000000 0.093057
188.000000 0.129325
189.000000 0.132737
190.000000 0.114894
191.000000 0.105091
192.000000 0.111117
193.000000 0.119790
