# x, y
412.000000 0.132330
413.000000 0.132344
414.000000 0.145073
415.000000 0.209166
416.000000 0.324090
417.000000 0.379614
418.000000 0.294523
419.000000 0.194794
420.000000 0.240909
421.000000 0.346301
422.000000 0.313599
423.000000 0.156611
424.000000 0.056202
425.000000 0.086481
426.000000 0.170888
427.000000 0.253604
428.000000 0.337461
429.000000 0.367719
430.000000 0.275515
431.000000 0.128471
432.000000 0.063440
433.000000 0.104328
434.000000 0.162389
435.000000 0.171077
436.000000 0.145399
437.000000 0.129233
438.000000 0.138128
