# x, y
352.000000 0.136119
353.000000 0.136603
354.000000 0.140991
355.000000 0.157359
356.000000 0.184236
357.000000 0.199751
358.000000 0.194612
359.000000 0.196362
360.000000 0.220728
361.000000 0.238465
362.000000 0.225931
363.000000 0.204673
364.000000 0.206793
365.000000 0.225016
366.000000 0.220277
367.000000 0.180638
368.000000 0.141790
369.000000 0.136494
370.000000 0.155706
371.000000 0.171130
372.000000 0.171951
373.000000 0.167679
374.000000 0.168042
270.000000 0.147908
271.000000 0.149529
272.000000 0.160084
273.000000 0.178594
274.000000 0.187250
275.000000 0.171567
276.000000 0.145442
277.000000 0.134142
278.000000 0.141554
279.000000 0.151587
280.000000 0.152616
145.000000 0.165924
146.000000 0.166989
147.000000 0.169727
148.000000 0.177557
149.000000 0.190438
150.000000 0.195541
151.000000 0.182610
152.000000 0.162285
153.000000 0.152545
154.000000 0.155806
52.000000 0.183809
53.000000 0.186378
54.000000 0.190199
55.000000 0.201458
56.000000 0.221826
57.000000 0.231724
58.000000 0.212810
59.000000 0.181023
60.000000 0.167090
61.000000 0.176074
62.000000 0.188923
453.000000 0.180542
454.000000 0.195040
455.000000 0.225040
456.000000 0.251181
457.000000 0.240408
458.000000 0.194440
459.000000 0.156087
460.000000 0.154333
461.000000 0.173644
462.000000 0.184519
463.000000 0.179508
464.000000 0.171210
465.000000 0.171884
466.000000 0.187591
467.000000 0.220101
468.000000 0.258569
469.000000 0.278938
470.000000 0.264126
471.000000 0.221354
472.000000 0.178136
473.000000 0.159507
474.000000 0.165932
475.000000 0.177870
