# x, y
140.000000 0.030975
141.000000 0.057113
142.000000 0.187156
143.000000 0.419905
144.000000 0.532079
145.000000 0.332724
146.000000 -0.000895
147.000000 -0.141993
148.000000 -0.042919
149.000000 0.086418
150.000000 0.097595
151.000000 0.032929
152.000000 -0.004218
153.000000 0.013215
154.000000 0.041752
155.000000 0.046340
192.000000 0.187261
193.000000 0.445950
194.000000 0.688135
195.000000 0.747722
196.000000 0.682462
197.000000 0.704766
198.000000 0.815125
199.000000 0.742294
200.000000 0.475708
201.000000 0.428439
202.000000 0.705380
203.000000 0.799387
204.000000 0.398316
205.000000 -0.082281
206.000000 -0.055084
207.000000 0.537861
208.000000 1.215074
209.000000 1.493519
210.000000 1.354752
211.000000 1.143151
212.000000 1.108958
213.000000 1.204315
214.000000 1.268242
215.000000 1.247101
216.000000 1.176241
217.000000 1.010361
218.000000 0.641242
219.000000 0.154899
220.000000 -0.150583
221.000000 -0.128496
222.000000 0.041893
223.000000 0.119933
224.000000 0.067915
225.000000 0.000719
226.000000 -0.003318
227.000000 0.031253
228.000000 0.049902
229.000000 0.039934
190.000000 0.031031
191.000000 0.057347
192.000000 0.187261
193.000000 0.445950
194.000000 0.688135
195.000000 0.747722
196.000000 0.682462
197.000000 0.704766
198.000000 0.815125
199.000000 0.742294
200.000000 0.475708
201.000000 0.428439
202.000000 0.705380
203.000000 0.799387
204.000000 0.398316
205.000000 -0.082281
206.000000 -0.055084
207.000000 0.537861
208.000000 1.215074
209.000000 1.493519
210.000000 1.354752
211.000000 1.143151
212.000000 1.108958
213.000000 1.204315
214.000000 1.268242
215.000000 1.247101
216.000000 1.176241
217.000000 1.010361
218.000000 0.641242
219.000000 0.154899
220.000000 -0.150583
221.000000 -0.128496
222.000000 0.041893
223.000000 0.119933
224.000000 0.067915
225.000000 0.000719
226.000000 -0.003318
227.000000 0.031253
228.000000 0.049902
229.000000 0.039934
