# x, y
383.000000 0.101864
384.000000 0.101881
385.000000 0.101895
386.000000 0.126006
387.000000 0.249094
388.000000 0.471231
389.000000 0.578696
390.000000 0.387010
391.000000 0.064717
392.000000 -0.074105
393.000000 0.018477
394.000000 0.142393
395.000000 0.154352
396.000000 0.092950
397.000000 0.056464
398.000000 0.071990
399.000000 0.099454
400.000000 0.104972
401.000000 0.093662
402.000000 0.085616
403.000000 0.087386
442.000000 0.098112
443.000000 0.114622
444.000000 0.156124
445.000000 0.308547
446.000000 0.667587
447.000000 1.106337
448.000000 1.245990
449.000000 0.864954
450.000000 0.246561
451.000000 -0.103443
452.000000 -0.032282
453.000000 0.178311
454.000000 0.242506
455.000000 0.159307
456.000000 0.084177
457.000000 0.093083
458.000000 0.138052
459.000000 0.154713
460.000000 0.138121
461.000000 0.121142
462.000000 0.122442
463.000000 0.132779
