# x, y
410.000000 0.275641
411.000000 0.275730
412.000000 0.303837
413.000000 0.442575
414.000000 0.689413
415.000000 0.805638
416.000000 0.591279
417.000000 0.240148
418.000000 0.098440
419.000000 0.209143
420.000000 0.345310
421.000000 0.353412
422.000000 0.283999
423.000000 0.247603
424.000000 0.270642
425.000000 0.305970
426.000000 0.315759
427.000000 0.305633
103.000000 0.241847
104.000000 0.241831
105.000000 0.241660
106.000000 0.246783
107.000000 0.301180
108.000000 0.517854
109.000000 0.963261
110.000000 1.436955
111.000000 1.521545
112.000000 1.030726
113.000000 0.322732
114.000000 -0.046443
115.000000 0.059888
116.000000 0.304680
117.000000 0.371440
118.000000 0.273424
119.000000 0.191719
120.000000 0.207206
121.000000 0.259563
122.000000 0.276333
123.000000 0.256478
124.000000 0.238725
125.000000 0.241524
126.000000 0.252535
211.000000 0.245968
212.000000 0.248923
213.000000 0.263286
214.000000 0.289064
215.000000 0.302269
216.000000 0.282570
217.000000 0.249652
218.000000 0.238751
219.000000 0.253620
220.000000 0.269819
360.000000 0.275153
361.000000 0.279651
362.000000 0.305705
363.000000 0.353155
364.000000 0.375524
365.000000 0.334212
366.000000 0.267084
367.000000 0.240610
368.000000 0.262167
369.000000 0.287855
370.000000 0.288834
371.000000 0.275379
372.000000 0.268486
