# x, y
308.000000 0.109722
309.000000 0.109744
310.000000 0.109756
311.000000 0.109748
312.000000 0.109736
313.000000 0.109733
314.000000 0.109739
315.000000 0.109746
316.000000 0.133509
317.000000 0.251957
318.000000 0.464321
319.000000 0.567404
320.000000 0.386505
321.000000 0.082001
322.000000 -0.048061
323.000000 0.041367
324.000000 0.159761
325.000000 0.170877
326.000000 0.112035
327.000000 0.077220
328.000000 0.091678
329.000000 0.116510
330.000000 0.119840
331.000000 0.107930
332.000000 0.100948
333.000000 0.104690
334.000000 0.110752
335.000000 0.111808
336.000000 0.108627
337.000000 0.105705
338.000000 0.105362
339.000000 0.106526
340.000000 0.107246
341.000000 0.106981
495.000000 0.120148
496.000000 0.112936
497.000000 0.106334
498.000000 0.104222
499.000000 0.106935
500.000000 0.111957
501.000000 0.116104
502.000000 0.117940
503.000000 0.118897
504.000000 0.120486
505.000000 0.121498
506.000000 0.144127
507.000000 0.283665
508.000000 0.635041
509.000000 1.065900
510.000000 1.199593
511.000000 0.819871
512.000000 0.207381
513.000000 -0.138469
514.000000 -0.064187
515.000000 0.152307
516.000000 0.222339
517.000000 0.139405
518.000000 0.060266
519.000000 0.066739
520.000000 0.112801
521.000000 0.131322
522.000000 0.115149
523.000000 0.097702
524.000000 0.099046
525.000000 0.110248
526.000000 0.115582
527.000000 0.112270
528.000000 0.107793
529.000000 0.107435
530.000000 0.109695
719.000000 0.107441
720.000000 0.109553
721.000000 0.111906
722.000000 0.112164
723.000000 0.109931
724.000000 0.107798
725.000000 0.108019
726.000000 0.133504
727.000000 0.276691
728.000000 0.630823
729.000000 1.087682
730.000000 1.340558
731.000000 1.171340
732.000000 0.660255
733.000000 0.135524
734.000000 -0.090555
735.000000 -0.001795
736.000000 0.157996
737.000000 0.194216
738.000000 0.127791
739.000000 0.076314
740.000000 0.087235
741.000000 0.119826
742.000000 0.128931
743.000000 0.115354
744.000000 0.104182
745.000000 0.106822
746.000000 0.114543
747.000000 0.116235
748.000000 0.111147
749.000000 0.105980
750.000000 0.105650
751.000000 0.108837
795.000000 0.109825
796.000000 0.109821
797.000000 0.109807
798.000000 0.109727
799.000000 0.109318
800.000000 0.108364
801.000000 0.107437
802.000000 0.107630
803.000000 0.108934
804.000000 0.109841
805.000000 0.109363
806.000000 0.132248
807.000000 0.274607
808.000000 0.630181
809.000000 1.088459
810.000000 1.341153
811.000000 1.170269
812.000000 0.656652
813.000000 0.129397
814.000000 -0.097871
815.000000 -0.007955
816.000000 0.155226
817.000000 0.195534
818.000000 0.131326
819.000000 0.078359
820.000000 0.085052
821.000000 0.113974
822.000000 0.122368
823.000000 0.110372
824.000000 0.100560
825.000000 0.102672
826.000000 0.108711
827.000000 0.109950
828.000000 0.106979
829.000000 0.104830
830.000000 0.105446
831.000000 0.106936
1093.000000 0.124593
1094.000000 0.129971
1095.000000 0.130028
1096.000000 0.127354
1097.000000 0.126759
1098.000000 0.152465
1099.000000 0.271190
1100.000000 0.479842
1101.000000 0.579431
1102.000000 0.423787
1103.000000 0.264404
1104.000000 0.485499
1105.000000 0.999579
1106.000000 1.247290
1107.000000 0.881532
1108.000000 0.218453
1109.000000 -0.154294
1110.000000 -0.062645
1111.000000 0.175785
1112.000000 0.243186
1113.000000 0.143200
1114.000000 0.055275
1115.000000 0.066578
1116.000000 0.119893
1117.000000 0.138945
1118.000000 0.118514
1119.000000 0.098111
1120.000000 0.099475
1121.000000 0.111290
1122.000000 0.116213
1123.000000 0.112122
1124.000000 0.107476
1299.000000 0.106240
1300.000000 0.106686
1301.000000 0.106876
1302.000000 0.106873
1303.000000 0.107625
1304.000000 0.110034
1305.000000 0.113089
1306.000000 0.137805
1307.000000 0.277882
1308.000000 0.629665
1309.000000 1.086518
1310.000000 1.364265
1311.000000 1.337405
1312.000000 1.155895
1313.000000 0.969523
1314.000000 0.785148
1315.000000 0.602464
1316.000000 0.430459
1317.000000 0.243219
1318.000000 0.078817
1319.000000 0.026909
1320.000000 0.080159
1321.000000 0.138246
1322.000000 0.139655
1323.000000 0.108965
1324.000000 0.093287
1325.000000 0.102416
1326.000000 0.115317
1327.000000 0.116500
1328.000000 0.110001
1329.000000 0.106212
1330.000000 0.107922
1331.000000 0.110802
1382.000000 0.112891
1383.000000 0.113408
1384.000000 0.113326
1385.000000 0.112927
1386.000000 0.112401
1387.000000 0.111503
1388.000000 0.110363
1389.000000 0.109872
1390.000000 0.110548
1391.000000 0.111699
1392.000000 0.112464
1393.000000 0.112830
1394.000000 0.113175
1395.000000 0.113770
1396.000000 0.114732
1397.000000 0.115543
1398.000000 0.138912
1399.000000 0.279238
1400.000000 0.607990
1401.000000 0.923646
1402.000000 0.849801
1403.000000 0.369875
1404.000000 -0.062522
1405.000000 -0.105940
1406.000000 0.097993
1407.000000 0.226945
1408.000000 0.181914
1409.000000 0.090987
1410.000000 0.071702
1411.000000 0.111474
1412.000000 0.140858
1413.000000 0.134017
1414.000000 0.116136
1415.000000 0.111586
1416.000000 0.116529
1417.000000 0.116852
1418.000000 0.111005
1419.000000 0.107791
1420.000000 0.111792
1421.000000 0.118722
1422.000000 0.122300
1423.000000 0.120417
